10003
10005
10006
10007
10012
10013
10014
10016
10017
10018
10019
10020
10021
10022
10024
10025
10026
10028
10029
10030
10031
10033
10036
10037
10038
10039
10042
10046
10047
10049
10050
10052
10053
10054
10055
10056
10058
10059
10062
10064
10065
10066
10067
10070
10071
10072
10074
10075
10076
10077
10078
10079
10081
10082
10085
10086
10087
10088
10090
10091
10092
10094
10096
10098
10100
10101
10103
10106
10108
10109
10110
10111
10112
10113
10114
10117
10119
10120
10121
10122
10124
10125
10128
10132
10133
10135
10138
10140
10142
10143
10144
10145
10146
10150
10153
10154
10155
10159
10161
10163
10164
10165
10166
10168
10169
10170
10172
10173
10174
10176
10178
10179
10181
10183
10185
10186
10187
10188
10189
10191
10192
10193
10196
10199
10200
10201
10205
10206
10207
10208
10211
10212
10213
10214
10215
10216
10217
10218
10219
10220
10221
10222
10224
10225
10227
10228
10229
10230
10231
10233
10234
10238
10239
10240
10243
10245
10249
10252
10253
10254
10255
10257
10258
10262
10266
10268
10270
10271
10272
10274
10275
10277
10278
10279
10280
10281
10282
10283
10284
10286
10288
10289
10290
10292
10293
10294
10295
10297
10298
10299
10302
10303
10306
10307
10308
10311
10312
10313
10314
10315
10316
10317
10318
10319
10321
10326
10327
10328
10330
10331
10332
10333
10334
10335
10339
10340
10342
10343
10344
10345
10346
10347
10348
10349
10350
10353
10355
10356
10360
10362
10363
10365
10367
10368
10371
10372
10373
10376
10378
10379
10380
10383
10385
10386
10387
10388
10391
10393
10395
10396
10397
10398
10399
10400
10401
10403
10405
10407
10408
10411
10413
10415
10416
10419
10421
10422
10424
10425
10428
10429
10430
10431
10432
10433
10436
10437
10438
10439
10440
10442
10443
10444
10445
10446
10447
10448
10449
10450
10451
10454
10455
10456
10457
10458
10459
10460
10463
10464
10465
10469
10470
10471
10473
10474
10475
10477
10478
10479
10481
10482
10483
10486
10487
10490
10491
10492
10495
10496
10499
10501
10502
10503
10504
10505
10506
10508
10509
10510
10512
10513
10514
10515
10516
10517
10518
10520
10522
10523
10525
10527
10528
10529
10531
10532
10533
10534
10537
10540
10541
10542
10543
10544
10545
10546
10547
10548
10549
10550
10551
10553
10555
10557
10559
10561
10562
10563
10565
10567
10568
10572
10573
10574
10576
10578
10579
10580
10581
10582
10586
10587
10588
10590
10591
10593
10597
10598
10599
10600
10602
10603
10604
10605
10608
10609
10610
10611
10612
10614
10616
10617
10619
10620
10622
10623
10624
10625
10627
10630
10631
10632
10635
10636
10637
10639
10640
10641
10645
10648
10649
10650
10651
10652
10654
10658
10659
10660
10661
10662
10663
10664
10665
10667
10672
10673
10674
10675
10677
10678
10680
10681
10683
10689
10690
10692
10694
10695
10696
10697
10698
10699
10701
10702
10703
10706
10708
10709
10710
10712
10713
10714
10715
10720
10721
10722
10723
10724
10726
10727
10728
10731
10733
10734
10735
10740
10741
10742
10743
10745
10746
10747
10748
10752
10754
10758
10762
10764
10765
10766
10769
10771
10773
10775
10780
10781
10782
10785
10787
10788
10789
10790
10791
10792
10793
10794
10796
10797
10799
10800
10801
10802
10804
10805
10808
10809
10810
10811
10813
10815
10817
10818
10820
10822
10823
10824
10826
10828
10829
10830
10831
10834
10835
10836
10841
10843
10844
10845
10846
10848
10849
10850
10851
10853
10855
10857
10858
10860
10864
10867
10869
10871
10872
10876
10877
10878
10879
10880
10882
10884
10889
10893
10895
10897
10898
10899
10901
10902
10903
10904
10906
10907
10909
10911
10912
10913
10914
10915
10916
10918
10919
10921
10922
10923
10924
10925
10927
10928
10929
10930
10931
10932
10933
10934
10935
10936
10937
10939
10940
10941
10942
10944
10945
10947
10948
10949
10951
10954
10955
10956
10960
10961
10963
10964
10968
10969
10971
10973
10975
10976
10977
10978
10981
10982
10983
10984
10985
10987
10991
10992
10993
10994
10995
10998
11000
11001
11002
11004
11005
11007
11008
11009
11010
11011
11012
11013
11014
11017
11018
11019
11020
11021
11024
11026
11027
11028
11029
11031
11033
11034
11035
11036
11038
11040
11041
11042
11043
11044
11045
11046
11047
11049
11050
11053
11056
11057
11058
11060
11062
11063
11064
11065
11067
11068
11070
11071
11072
11074
11076
11077
11078
11079
11081
11082
11083
11084
11086
11087
11088
11089
11090
11092
11093
11094
11095
11097
11098
11099
11102
11105
11106
11109
11110
11111
11112
11113
11114
11115
11116
11117
11118
11119
11120
11121
11123
11127
11128
11129
11130
11131
11133
11135
11137
11138
11139
11140
11142
11143
11146
11147
11148
11149
11150
11151
11153
11155
11157
11158
11160
11161
11163
11164
11167
11168
11169
11171
11173
11174
11176
11178
11180
11182
11183
11184
11185
11186
11190
11192
11193
11194
11195
11196
11198
11199
11200
11202
11204
11205
11208
11209
11211
11212
11213
11215
11216
11217
11218
11219
11220
11221
11222
11224
11227
11230
11231
11232
11234
11235
11239
11241
11243
11244
11245
11247
11248
11250
11252
11253
11255
11256
11257
11258
11259
11260
11261
11262
11264
11266
11267
11268
11270
11271
11273
11275
11276
11278
11279
11280
11283
11287
11288
11290
11292
11295
11296
11297
11299
11300
11301
11303
11304
11305
11306
11308
11309
11310
11313
11314
11319
11320
11321
11323
11324
11325
11326
11327
11328
11331
11334
11336
11339
11340
11341
11344
11345
11346
11347
11348
11349
11350
11351
11356
11363
11364
11368
11369
11370
11371
11373
11375
11377
11378
11379
11380
11383
11384
11385
11386
11387
11389
11390
11391
11395
11396
11398
11399
11402
11403
11405
11406
11407
11408
11409
11410
11412
11413
11414
11420
11421
11422
11423
11425
11426
11428
11429
11431
11433
11434
11437
11438
11441
11443
11444
11446
11448
11449
11451
11453
11454
11455
11456
11460
11461
11466
11467
11468
11469
11471
11473
11475
11477
11478
11479
11480
11481
11483
11485
11486
11487
11488
11489
11490
11493
11495
11496
11497
11498
11499
11501
11502
11503
11505
11506
11507
11509
11510
11511
11514
11515
11516
11518
11519
11521
11523
11524
11525
11526
11527
11528
11529
11531
11532
11534
11535
11536
11537
11538
11539
11541
11542
11544
11547
11548
11549
11552
11553
11555
11557
11558
11559
11560
11561
11563
11564
11565
11567
11568
11569
11570
11571
11572
11573
11577
11580
11581
11582
11583
11584
11585
11586
11587
11588
11589
11590
11592
11596
11598
11599
11600
11601
11602
11603
11605
11607
11608
11609
11611
11616
11618
11619
11620
11622
11623
11625
11626
11627
11628
11630
11631
11632
11633
11635
11636
11637
11638
11639
11640
11641
11644
11645
11646
11648
11649
11652
11653
11654
11655
11656
11658
11660
11661
11662
11663
11664
11665
11666
11668
11669
11670
11671
11672
11674
11676
11677
11679
11682
11686
11687
11689
11690
11692
11696
11698
11699
11701
11702
11703
11706
11707
11708
11709
11710
11711
11714
11715
11717
11718
11720
11721
11722
11724
11725
11727
11728
11729
11730
11731
11734
11735
11736
11738
11740
11741
11742
11743
11744
11745
11746
11747
11749
11751
11752
11753
11754
11755
11757
11758
11760
11761
11762
11763
11765
11768
11770
11771
11772
11773
11774
11776
11780
11781
11782
11784
11785
11788
11790
11791
11793
11794
11797
11799
11800
11801
11802
11803
11804
11805
11806
11807
11808
11809
11810
11811
11812
11813
11814
11815
11816
11817
11818
11819
11822
11825
11826
11827
11828
11829
11830
11831
11832
11833
11836
11837
11838
11840
11843
11845
11848
11850
11853
11854
11855
11858
11861
11862
11863
11864
11865
11869
11870
11871
11873
11874
11876
11877
11878
11879
11880
11881
11882
11884
11885
11886
11889
11890
11892
11893
11894
11896
11897
11899
11900
11901
11902
11905
11906
11907
11908
11909
11910
11911
11914
11915
11917
11918
11919
11922
11928
11929
11930
11931
11932
11933
11934
11936
11937
11938
11940
11943
11951
11955
11956
11957
11958
11959
11960
11967
11968
11969
11970
11972
11973
11975
11976
11977
11978
11979
11980
11981
11983
11989
11994
11995
11997
12000
12003
12005
12006
12007
12010
12012
12013
12014
12015
12016
12017
12019
12022
12023
12025
12026
12027
12028
12031
12032
12033
12034
12036
12037
12040
12041
12042
12043
12044
12045
12046
12047
12048
12050
12051
12055
12056
12057
12059
12060
12061
12063
12065
12066
12067
12068
12069
12070
12071
12073
12075
12076
12077
12078
12079
12080
12083
12084
12085
12086
12088
12090
12092
12096
12097
12098
12103
12104
12107
12108
12109
12110
12111
12113
12115
12116
12117
12118
12119
12120
12122
12123
12125
12126
12128
12131
12134
12135
12136
12137
12138
12139
12140
12141
12142
12143
12144
12145
12146
12147
12148
12150
12151
12153
12154
12155
12162
12163
12164
12165
12167
12168
12169
12173
12174
12177
12178
12180
12181
12182
12183
12185
12186
12187
12189
12191
12192
12193
12194
12195
12199
12200
12202
12204
12207
12210
12212
12213
12214
12216
12220
12221
12222
12223
12225
12226
12228
12229
12230
12232
12235
12236
12238
12239
12241
12244
12245
12246
12247
12249
12250
12252
12253
12254
12255
12256
12257
12258
12259
12260
12261
12262
12263
12264
12265
12266
12267
12269
12270
12271
12272
12273
12274
12275
12276
12277
12278
12279
12281
12283
12284
12285
12288
12291
12292
12293
12295
12296
12297
12298
12300
12303
12304
12305
12307
12309
12310
12312
12313
12314
12315
12316
12317
12319
12320
12321
12322
12324
12325
12327
12328
12330
12331
12332
12333
12335
12338
12341
12345
12346
12347
12349
12350
12351
12352
12353
12354
12355
12356
12357
12358
12360
12364
12366
12367
12369
12370
12371
12372
12373
12376
12379
12381
12382
12383
12384
12385
12386
12391
12392
12393
12394
12395
12396
12399
12400
12402
12403
12406
12407
12411
12415
12418
12419
12422
12423
12424
12425
12426
12427
12429
12430
12431
12432
12434
12435
12436
12437
12438
12439
12442
12443
12446
12449
12451
12453
12455
12456
12458
12459
12460
12462
12463
12466
12468
12470
12474
12477
12478
12480
12481
12482
12484
12485
12486
12488
12489
12491
12492
12494
12497
12498
12500
12501
12502
12503
12505
12506
12508
12509
12511
12515
12516
12517
12518
12519
12522
12523
12524
12525
12527
12528
12529
12530
12534
12535
12536
12538
12539
12541
12542
12545
12546
12547
12548
12551
12552
12554
12555
12556
12557
12558
12561
12563
12564
12566
12567
12568
12569
12570
12572
12574
12575
12576
12577
12578
12579
12580
12581
12582
12584
12587
12588
12589
12590
12591
12592
12593
12595
12597
12599
12600
12601
12603
12604
12605
12607
12608
12609
12611
12612
12613
12614
12616
12617
12619
12620
12622
12625
12626
12627
12628
12630
12633
12634
12635
12636
12637
12638
12639
12643
12644
12647
12649
12651
12652
12653
12654
12655
12656
12657
12658
12659
12660
12661
12662
12663
12667
12668
12672
12674
12678
12681
12683
12684
12685
12687
12688
12689
12690
12692
12693
12694
12695
12697
12699
12700
12701
12702
12704
12705
12706
12707
12708
12711
12712
12713
12715
12716
12718
12721
12723
12724
12727
12728
12730
12732
12735
12740
12741
12742
12745
12747
12750
12755
12757
12758
12759
12760
12761
12763
12766
12767
12768
12769
12772
12774
12775
12776
12777
12778
12780
12781
12782
12783
12784
12785
12786
12789
12793
12794
12796
12797
12799
12801
12802
12803
12804
12805
12806
12808
12811
12813
12814
12817
12818
12819
12820
12821
12824
12825
12826
12827
12828
12831
12834
12835
12838
12840
12841
12842
12844
12845
12848
12850
12851
12852
12854
12855
12856
12857
12858
12860
12862
12863
12864
12868
12870
12871
12874
12875
12876
12880
12881
12884
12886
12891
12892
12893
12894
12895
12896
12897
12898
12899
12900
12901
12902
12903
12904
12905
12908
12909
12911
12912
12913
12915
12918
12921
12922
12923
12924
12926
12927
12928
12930
12931
12932
12933
12935
12936
12937
12939
12942
12945
12946
12947
12949
12951
12952
12953
12954
12955
12956
12957
12958
12959
12961
12965
12968
12971
12972
12974
12976
12978
12979
12980
12982
12986
12987
12988
12989
12990
12991
12992
12993
12995
12996
12997
12998
12999
13002
13003
13004
13009
13012
13015
13016
13018
13019
13020
13021
13024
13025
13026
13027
13028
13029
13030
13031
13038
13039
13040
13041
13042
13043
13044
13046
13047
13048
13052
13053
13054
13055
13056
13057
13059
13060
13061
13062
13064
13066
13070
13071
13073
13077
13078
13080
13082
13083
13084
13085
13086
13087
13088
13089
13091
13093
13094
13095
13098
13100
13101
13102
13103
13104
13105
13107
13109
13110
13111
13112
13113
13114
13115
13118
13120
13121
13122
13124
13125
13126
13127
13128
13130
13131
13132
13133
13134
13135
13140
13141
13142
13144
13148
13150
13151
13152
13155
13156
13158
13159
13161
13162
13164
13165
13166
13167
13170
13173
13174
13175
13177
13178
13179
13180
13181
13182
13183
13184
13185
13187
13188
13189
13191
13192
13193
13195
13197
13199
13201
13202
13203
13204
13206
13207
13208
13210
13211
13212
13213
13214
13216
13218
13219
13221
13222
13224
13229
13230
13231
13232
13234
13239
13240
13241
13242
13245
13246
13247
13248
13249
13250
13252
13254
13255
13256
13260
13261
13262
13264
13265
13267
13268
13269
13270
13271
13273
13274
13276
13277
13279
13280
13282
13283
13285
13286
13287
13289
13290
13291
13293
13294
13297
13298
13299
13301
13302
13303
13304
13305
13308
13309
13310
13311
13312
13313
13316
13317
13320
13321
13322
13324
13326
13329
13330
13332
13333
13334
13336
13338
13341
13342
13343
13344
13345
13346
13347
13348
13350
13351
13353
13354
13356
13357
13358
13359
13360
13363
13364
13365
13367
13368
13369
13370
13371
13372
13373
13374
13375
13377
13378
13379
13380
13382
13386
13387
13389
13391
13395
13396
13397
13399
13400
13403
13406
13407
13409
13410
13411
13412
13413
13419
13420
13421
13422
13423
13424
13425
13426
13427
13428
13429
13430
13431
13436
13437
13438
13439
13441
13442
13444
13447
13449
13450
13452
13454
13458
13460
13461
13462
13463
13465
13466
13467
13470
13471
13474
13475
13476
13477
13478
13481
13482
13483
13487
13489
13491
13492
13495
13496
13497
13498
13502
13503
13504
13505
13507
13508
13509
13512
13513
13514
13515
13517
13519
13520
13521
13522
13524
13525
13527
13528
13529
13530
13532
13533
13535
13537
13539
13540
13542
13546
13547
13552
13554
13555
13556
13557
13558
13559
13563
13564
13565
13566
13568
13571
13574
13575
13576
13577
13579
13581
13582
13583
13587
13589
13590
13592
13595
13598
13599
13601
13603
13604
13606
13607
13608
13609
13610
13611
13613
13614
13617
13619
13622
13623
13624
13625
13626
13627
13628
13629
13631
13632
13634
13635
13636
13637
13641
13642
13643
13644
13645
13647
13648
13649
13650
13652
13653
13656
13658
13661
13662
13663
13664
13665
13666
13668
13671
13672
13674
13676
13677
13679
13680
13682
13684
13687
13688
13689
13691
13692
13693
13694
13695
13696
13697
13698
13699
13701
13702
13703
13705
13707
13709
13710
13712
13713
13714
13715
13716
13719
13721
13723
13727
13728
13729
13730
13732
13734
13735
13736
13740
13741
13742
13745
13746
13749
13750
13753
13756
13757
13758
13759
13760
13761
13763
13764
13765
13766
13767
13770
13772
13773
13774
13775
13776
13777
13778
13779
13780
13783
13785
13786
13787
13788
13789
13790
13791
13793
13795
13796
13797
13798
13799
13801
13802
13804
13805
13806
13807
13810
13812
13813
13815
13818
13819
13820
13821
13822
13823
13826
13828
13830
13831
13832
13833
13834
13835
13838
13839
13841
13842
13843
13844
13846
13847
13848
13850
13853
13854
13855
13856
13857
13859
13860
13861
13862
13863
13864
13868
13869
13870
13871
13872
13873
13875
13876
13877
13878
13879
13880
13881
13884
13885
13886
13887
13889
13890
13892
13893
13895
13897
13899
13900
13901
13902
13903
13904
13907
13908
13911
13914
13915
13916
13918
13919
13924
13925
13926
13927
13929
13930
13932
13935
13936
13937
13938
13940
13942
13944
13945
13947
13948
13949
13950
13952
13953
13955
13957
13958
13959
13962
13964
13965
13966
13968
13972
13977
13978
13979
13980
13981
13982
13986
13987
13990
13993
13994
13995
13996
13997
13999
14000
14001
14002
14003
14005
14006
14007
14011
14013
14015
14016
14017
14019
14020
14021
14022
14023
14025
14026
14027
14030
14031
14032
14033
14034
14036
14037
14038
14039
14040
14041
14042
14043
14044
14045
14046
14047
14048
14051
14052
14056
14058
14059
14060
14062
14064
14065
14068
14069
14070
14072
14073
14074
14075
14078
14079
14080
14082
14085
14087
14088
14089
14090
14091
14092
14093
14094
14095
14096
14097
14099
14100
14103
14104
14106
14108
14109
14110
14115
14116
14117
14118
14119
14120
14122
14123
14124
14126
14127
14128
14129
14130
14132
14134
14135
14136
14137
14138
14141
14142
14143
14145
14148
14149
14151
14153
14156
14157
14159
14161
14164
14165
14168
14169
14170
14174
14175
14176
14177
14178
14179
14180
14181
14182
14183
14186
14189
14191
14192
14194
14198
14199
14201
14202
14203
14204
14205
14211
14212
14213
14216
14217
14218
14219
14221
14223
14225
14227
14228
14231
14235
14237
14238
14239
14240
14242
14243
14248
14249
14252
14253
14254
14256
14257
14258
14259
14260
14265
14266
14267
14268
14270
14272
14273
14274
14275
14276
14277
14280
14281
14286
14287
14288
14289
14290
14291
14293
14296
14297
14301
14302
14306
14307
14309
14310
14313
14314
14316
14317
14319
14320
14322
14323
14324
14325
14326
14328
14329
14331
14333
14334
14335
14336
14338
14339
14343
14344
14346
14347
14348
14349
14353
14356
14358
14360
14362
14364
14365
14366
14367
14368
14371
14372
14374
14375
14380
14382
14383
14384
14386
14387
14392
14393
14394
14395
14397
14398
14402
14403
14405
14406
14407
14409
14411
14412
14413
14414
14415
14416
14417
14418
14419
14420
14421
14422
14423
14424
14427
14428
14429
14432
14433
14434
14435
14437
14438
14439
14440
14441
14442
14444
14446
14448
14449
14451
14453
14455
14456
14460
14461
14464
14465
14466
14467
14470
14473
14475
14478
14479
14481
14483
14484
14485
14487
14491
14492
14493
14495
14496
14497
14498
14499
14500
14501
14502
14503
14505
14506
14507
14508
14509
14510
14514
14515
14516
14518
14519
14520
14521
14522
14523
14524
14525
14526
14527
14528
14530
14531
14533
14537
14541
14542
14544
14546
14548
14549
14550
14551
14554
14557
14558
14559
14560
14561
14565
14566
14568
14569
14570
14571
14573
14576
14577
14578
14579
14580
14581
14582
14583
14584
14587
14588
14589
14590
14591
14592
14593
14595
14596
14598
14599
14600
14601
14602
14603
14604
14605
14606
14607
14610
14611
14612
14613
14614
14617
14618
14621
14622
14623
14624
14626
14627
14628
14630
14634
14636
14637
14638
14639
14640
14641
14643
14645
14647
14648
14649
14650
14651
14653
14656
14657
14660
14661
14663
14664
14666
14668
14670
14671
14672
14674
14675
14678
14683
14689
14690
14691
14692
14693
14694
14695
14696
14701
14702
14703
14704
14705
14710
14711
14712
14713
14714
14715
14719
14720
14722
14725
14726
14727
14729
14730
14733
14735
14736
14737
14739
14740
14741
14742
14744
14746
14747
14748
14752
14754
14755
14756
14757
14758
14761
14764
14765
14767
14769
14773
14774
14775
14776
14778
14780
14782
14783
14784
14788
14789
14791
14793
14794
14796
14797
14799
14802
14804
14805
14806
14807
14808
14809
14810
14811
14813
14814
14815
14816
14818
14819
14820
14821
14822
14823
14824
14826
14827
14829
14832
14833
14834
14835
14836
14837
14838
14839
14841
14844
14850
14853
14858
14860
14862
14863
14866
14867
14868
14869
14870
14871
14873
14874
14877
14879
14880
14881
14882
14884
14885
14886
14888
14889
14892
14894
14897
14898
14900
14901
14902
14906
14908
14913
14915
14916
14917
14918
14923
14924
14925
14927
14928
14929
14930
14932
14935
14936
14938
14940
14941
14942
14943
14944
14945
14946
14947
14948
14950
14951
14953
14955
14956
14962
14963
14964
14965
14966
14967
14968
14969
14970
14972
14974
14977
14978
14983
14985
14988
14989
14990
14992
14994
14995
15001
15003
15004
15006
15007
15008
15009
15010
15011
15012
15015
15016
15018
15022
15023
15024
15025
15026
15027
15028
15029
15030
15032
15033
15034
15035
15037
15038
15041
15042
15043
15044
15045
15046
15047
15048
15049
15051
15052
15054
15055
15058
15059
15060
15065
15069
15070
15071
15073
15074
15076
15077
15078
15080
15082
15084
15085
15086
15087
15088
15092
15093
15094
15095
15098
15099
15100
15101
15103
15104
15106
15110
15112
15114
15115
15116
15117
15118
15125
15128
15130
15131
15132
15133
15134
15135
15136
15137
15138
15139
15141
15143
15146
15148
15150
15151
15153
15154
15155
15159
15161
15163
15165
15166
15167
15168
15170
15171
15174
15176
15177
15178
15179
15180
15182
15183
15186
15188
15190
15193
15196
15198
15200
15201
15203
15204
15205
15206
15208
15210
15212
15213
15215
15216
15218
15219
15220
15221
15222
15225
15230
15231
15232
15233
15234
15235
15237
15238
15239
15240
15241
15242
15244
15246
15248
15249
15250
15251
15253
15255
15256
15259
15260
15261
15262
15263
15264
15265
15267
15268
15270
15271
15272
15273
15274
15275
15277
15279
15280
15281
15283
15284
15287
15288
15289
15290
15291
15292
15294
15295
15296
15297
15298
15299
15300
15301
15302
15303
15305
15306
15308
15309
15310
15311
15312
15313
15316
15317
15318
15319
15320
15322
15323
15326
15328
15329
15330
15331
15332
15333
15334
15336
15337
15338
15339
15340
15341
15342
15343
15344
15346
15349
15350
15351
15352
15355
15356
15358
15359
15360
15362
15363
15364
15365
15366
15370
15371
15373
15374
15375
15376
15377
15378
15379
15380
15381
15384
15385
15386
15388
15389
15391
15392
15395
15399
15401
15402
15404
15405
15406
15407
15409
15410
15411
15412
15414
15415
15416
15417
15422
15423
15424
15425
15426
15427
15428
15429
15430
15431
15432
15436
15437
15438
15439
15440
15441
15442
15445
15448
15452
15453
15454
15457
15458
15459
15460
15462
15465
15466
15467
15468
15469
15470
15472
15474
15476
15478
15479
15482
15485
15487
15488
15491
15492
15493
15494
15495
15496
15497
15498
15499
15500
15501
15502
15504
15507
15508
15509
15510
15511
15513
15514
15516
15519
15522
15523
15527
15529
15530
15532
15533
15535
15537
15539
15541
15542
15543
15544
15546
15547
15548
15550
15551
15552
15553
15554
15555
15557
15560
15564
15565
15566
15567
15568
15569
15571
15572
15575
15576
15580
15582
15583
15584
15585
15587
15588
15590
15591
15593
15597
15601
15602
15603
15604
15605
15606
15608
15609
15611
15613
15614
15615
15618
15619
15623
15624
15625
15626
15629
15631
15632
15633
15636
15638
15639
15640
15642
15643
15645
15646
15649
15651
15652
15656
15657
15659
15661
15662
15663
15667
15668
15671
15672
15673
15675
15679
15680
15681
15682
15683
15684
15685
15687
15688
15689
15690
15691
15692
15695
15696
15697
15698
15699
15700
15701
15702
15703
15704
15706
15707
15708
15709
15711
15713
15714
15715
15716
15718
15721
15722
15723
15725
15726
15727
15728
15730
15734
15736
15737
15742
15744
15746
15747
15749
15750
15753
15754
15755
15757
15758
15760
15762
15763
15765
15767
15768
15769
15770
15771
15772
15774
15777
15780
15781
15782
15783
15785
15786
15787
15788
15789
15791
15793
15795
15796
15798
15800
15801
15806
15807
15808
15809
15810
15812
15813
15814
15815
15817
15819
15821
15822
15825
15826
15828
15830
15832
15835
15837
15839
15842
15843
15845
15846
15847
15851
15852
15854
15855
15857
15860
15861
15863
15864
15865
15866
15868
15869
15871
15872
15873
15874
15875
15876
15878
15879
15880
15881
15882
15886
15887
15890
15891
15892
15893
15894
15896
15898
15899
15900
15901
15902
15903
15907
15909
15910
15911
15912
15913
15914
15915
15916
15918
15919
15922
15925
15926
15927
15928
15930
15931
15932
15933
15934
15936
15937
15938
15941
15942
15945
15946
15947
15948
15950
15951
15952
15953
15954
15955
15956
15957
15959
15960
15961
15963
15964
15966
15967
15971
15972
15973
15974
15977
15978
15979
15980
15981
15982
15983
15984
15985
15986
15987
15988
15989
15990
15991
15992
15994
15996
15997
15999
16002
16004
16006
16007
16009
16010
16011
16012
16013
16014
16016
16021
16022
16024
16025
16026
16027
16028
16029
16031
16032
16033
16034
16035
16037
16040
16042
16043
16044
16045
16048
16049
16051
16052
16053
16054
16055
16058
16059
16061
16062
16063
16066
16067
16068
16069
16075
16077
16078
16080
16081
16082
16083
16084
16086
16087
16088
16089
16091
16092
16094
16095
16096
16099
16100
16102
16104
16105
16106
16108
16109
16110
16111
16113
16115
16116
16118
16120
16121
16127
16129
16130
16132
16133
16134
16135
16136
16137
16138
16140
16141
16142
16143
16145
16146
16147
16148
16149
16154
16155
16158
16159
16161
16162
16163
16164
16166
16167
16170
16173
16174
16177
16178
16179
16180
16183
16184
16185
16186
16187
16189
16190
16191
16192
16194
16195
16196
16197
16199
16200
16201
16202
16204
16205
16206
16207
16208
16210
16211
16213
16214
16217
16218
16219
16221
16222
16226
16227
16228
16229
16230
16231
16232
16233
16234
16236
16237
16238
16239
16240
16241
16242
16244
16245
16247
16248
16249
16250
16252
16253
16254
16256
16257
16259
16261
16263
16264
16266
16268
16269
16270
16272
16273
16276
16281
16283
16285
16286
16287
16290
16291
16292
16293
16294
16295
16296
16299
16300
16301
16304
16305
16308
16309
16310
16311
16312
16314
16317
16318
16319
16321
16322
16323
16324
16327
16328
16330
16331
16332
16333
16334
16336
16337
16338
16339
16341
16342
16343
16344
16346
16347
16348
16350
16351
16354
16355
16356
16357
16358
16359
16360
16362
16365
16367
16368
16370
16371
16373
16374
16375
16378
16379
16382
16386
16388
16389
16390
16393
16394
16395
16397
16398
16399
16401
16402
16403
16404
16406
16407
16409
16410
16411
16412
16414
16417
16418
16420
16422
16423
16424
16425
16427
16428
16429
16430
16431
16432
16433
16436
16438
16440
16441
16442
16443
16444
16445
16446
16447
16448
16450
16451
16452
16453
16454
16455
16458
16459
16463
16464
16465
16467
16469
16470
16471
16472
16474
16475
16476
16477
16478
16479
16480
16481
16482
16483
16484
16485
16486
16488
16491
16492
16493
16496
16497
16498
16499
16501
16502
16503
16504
16508
16509
16510
16511
16514
16516
16520
16522
16525
16526
16528
16529
16531
16532
16533
16534
16535
16536
16537
16538
16539
16541
16542
16543
16545
16546
16547
16549
16550
16552
16553
16554
16555
16556
16558
16559
16560
16561
16563
16564
16566
16567
16568
16569
16572
16574
16576
16581
16582
16583
16584
16585
16586
16588
16589
16595
16596
16597
16598
16599
16600
16602
16603
16606
16608
16609
16610
16611
16612
16613
16614
16615
16617
16619
16620
16622
16628
16630
16631
16632
16633
16636
16638
16640
16642
16643
16645
16647
16649
16651
16652
16655
16657
16658
16659
16660
16661
16662
16665
16666
16668
16669
16672
16673
16674
16675
16676
16677
16678
16679
16680
16682
16683
16684
16685
16686
16687
16688
16689
16690
16694
16695
16696
16697
16698
16699
16700
16701
16702
16703
16704
16705
16706
16707
16708
16712
16713
16714
16715
16716
16717
16718
16722
16723
16725
16727
16730
16733
16734
16735
16736
16737
16738
16739
16740
16741
16743
16744
16746
16750
16751
16753
16754
16755
16757
16758
16759
16763
16764
16765
16767
16768
16771
16772
16773
16774
16779
16780
16782
16783
16785
16786
16787
16788
16789
16790
16794
16797
16798
16801
16802
16803
16804
16805
16806
16807
16808
16809
16812
16813
16814
16815
16816
16818
16819
16821
16822
16823
16824
16825
16826
16827
16829
16830
16831
16834
16836
16837
16838
16839
16842
16843
16845
16846
16847
16849
16850
16851
16853
16855
16856
16857
16860
16861
16862
16863
16865
16866
16867
16868
16871
16872
16875
16877
16879
16880
16882
16883
16884
16886
16887
16888
16889
16890
16891
16893
16894
16897
16899
16901
16902
16903
16904
16905
16906
16908
16909
16911
16912
16914
16917
16918
16919
16923
16924
16925
16929
16930
16932
16935
16936
16937
16938
16939
16942
16943
16945
16946
16950
16951
16955
16956
16957
16958
16959
16960
16962
16963
16968
16969
16971
16973
16978
16980
16982
16983
16984
16987
16989
16991
16993
16994
16995
16996
16997
16998
16999
17000
17002
17003
17006
17007
17009
17011
17012
17013
17014
17015
17017
17019
17022
17023
17024
17025
17026
17027
17028
17029
17031
17032
17033
17035
17036
17037
17038
17039
17040
17042
17043
17046
17050
17051
17052
17054
17055
17056
17057
17060
17062
17064
17066
17067
17071
17072
17073
17075
17076
17077
17078
17080
17081
17083
17084
17085
17088
17089
17090
17091
17092
17096
17098
17103
17106
17109
17111
17112
17113
17114
17117
17119
17122
17123
17126
17127
17128
17129
17133
17134
17135
17136
17137
17141
17142
17143
17144
17145
17146
17147
17148
17149
17150
17151
17152
17153
17154
17156
17157
17159
17161
17163
17164
17167
17168
17170
17171
17172
17173
17174
17175
17176
17178
17179
17180
17181
17182
17184
17187
17190
17191
17194
17197
17198
17199
17200
17201
17202
17204
17205
17208
17210
17211
17212
17214
17216
17217
17218
17220
17221
17223
17225
17226
17228
17230
17231
17232
17233
17234
17236
17237
17238
17239
17240
17241
17242
17243
17249
17251
17252
17254
17255
17256
17260
17262
17266
17267
17268
17270
17271
17272
17275
17276
17277
17278
17279
17280
17282
17284
17285
17286
17287
17289
17291
17292
17293
17294
17295
17296
17297
17299
17303
17305
17306
17308
17309
17311
17312
17313
17314
17316
17317
17318
17319
17321
17322
17324
17326
17327
17328
17329
17331
17332
17335
17337
17338
17339
17340
17341
17342
17343
17346
17347
17348
17349
17350
17351
17353
17355
17359
17362
17363
17364
17365
17371
17373
17374
17375
17376
17378
17379
17381
17382
17383
17385
17386
17387
17391
17393
17394
17398
17399
17400
17403
17404
17405
17406
17407
17409
17410
17412
17413
17414
17415
17416
17417
17418
17420
17422
17423
17424
17427
17428
17429
17430
17431
17433
17434
17435
17436
17438
17439
17440
17442
17443
17444
17446
17447
17449
17450
17451
17452
17454
17455
17457
17458
17459
17460
17461
17463
17464
17465
17468
17470
17472
17473
17474
17475
17476
17477
17478
17480
17481
17482
17483
17485
17486
17488
17489
17492
17493
17495
17496
17498
17499
17500
17502
17503
17504
17505
17507
17510
17512
17513
17514
17515
17518
17519
17520
17521
17522
17523
17525
17526
17527
17528
17529
17530
17533
17534
17535
17536
17538
17540
17541
17543
17544
17545
17546
17548
17549
17550
17551
17552
17554
17555
17557
17558
17559
17561
17562
17563
17565
17567
17568
17569
17571
17572
17575
17576
17577
17578
17580
17583
17585
17588
17590
17591
17592
17594
17595
17596
17598
17599
17601
17603
17605
17606
17608
17609
17610
17612
17615
17617
17618
17620
17622
17623
17624
17625
17626
17627
17629
17630
17631
17632
17636
17637
17638
17639
17640
17641
17642
17643
17644
17645
17647
17648
17649
17650
17653
17654
17655
17656
17657
17658
17659
17660
17661
17663
17666
17667
17668
17669
17672
17673
17674
17678
17679
17681
17682
17683
17684
17685
17689
17690
17692
17694
17696
17698
17699
17701
17702
17703
17704
17705
17708
17711
17712
17713
17714
17718
17723
17724
17725
17726
17727
17728
17729
17731
17733
17734
17735
17736
17740
17741
17742
17746
17750
17751
17753
17754
17756
17758
17760
17761
17762
17764
17765
17766
17767
17768
17770
17773
17774
17776
17777
17778
17780
17782
17784
17785
17786
17787
17788
17789
17793
17794
17795
17797
17798
17800
17802
17805
17806
17807
17809
17810
17811
17812
17814
17817
17818
17822
17825
17826
17827
17829
17831
17832
17834
17835
17836
17837
17838
17840
17841
17842
17844
17845
17846
17847
17851
17854
17855
17856
17857
17858
17859
17860
17861
17864
17866
17867
17868
17869
17870
17872
17876
17878
17879
17880
17881
17883
17884
17886
17887
17888
17889
17890
17892
17894
17895
17897
17898
17900
17902
17904
17905
17906
17907
17908
17911
17912
17913
17914
17916
17918
17920
17921
17922
17923
17926
17927
17929
17930
17932
17933
17934
17936
17937
17938
17939
17943
17944
17945
17946
17951
17952
17954
17955
17956
17957
17958
17959
17960
17961
17962
17963
17964
17965
17966
17967
17968
17970
17971
17972
17973
17974
17975
17976
17977
17981
17983
17986
17987
17988
17990
17991
17993
17996
17997
17999
18000
18001
18002
18005
18007
18008
18009
18010
18015
18016
18018
18020
18022
18024
18026
18028
18031
18033
18034
18035
18036
18040
18044
18045
18046
18048
18050
18053
18054
18055
18056
18057
18061
18062
18063
18065
18066
18067
18070
18071
18072
18075
18076
18077
18079
18080
18083
18084
18086
18087
18088
18089
18090
18091
18092
18093
18095
18096
18097
18100
18101
18104
18105
18106
18108
18109
18110
18111
18113
18114
18116
18118
18119
18120
18121
18122
18124
18127
18128
18129
18131
18133
18134
18135
18136
18138
18141
18143
18144
18145
18147
18149
18150
18152
18153
18154
18155
18157
18158
18159
18165
18166
18169
18170
18172
18173
18174
18175
18177
18178
18181
18183
18186
18187
18188
18189
18192
18193
18194
18197
18198
18199
18200
18201
18202
18203
18206
18208
18209
18210
18212
18214
18217
18218
18219
18221
18222
18223
18225
18226
18227
18228
18230
18233
18234
18235
18237
18238
18240
18241
18242
18243
18244
18245
18246
18247
18248
18251
18252
18253
18254
18256
18257
18260
18261
18262
18263
18264
18265
18266
18267
18268
18269
18270
18273
18274
18275
18276
18277
18279
18280
18281
18283
18286
18287
18289
18291
18293
18294
18298
18299
18301
18302
18303
18304
18310
18311
18312
18313
18314
18315
18316
18317
18318
18320
18321
18323
18324
18325
18326
18327
18328
18332
18333
18335
18337
18338
18340
18341
18342
18343
18348
18349
18350
18351
18352
18354
18355
18356
18357
18360
18361
18362
18363
18365
18366
18367
18368
18371
18372
18376
18377
18378
18380
18381
18383
18384
18385
18387
18389
18390
18391
18393
18394
18395
18396
18400
18401
18402
18403
18405
18406
18407
18408
18410
18411
18412
18415
18416
18417
18418
18419
18421
18422
18423
18425
18427
18429
18430
18432
18433
18434
18435
18438
18443
18444
18445
18446
18447
18449
18450
18451
18452
18453
18456
18460
18461
18463
18464
18465
18467
18468
18469
18470
18471
18476
18477
18482
18483
18484
18485
18486
18487
18488
18490
18491
18495
18496
18497
18498
18499
18501
18502
18503
18504
18505
18506
18507
18508
18509
18511
18512
18513
18514
18515
18517
18518
18519
18521
18523
18524
18525
18526
18527
18528
18529
18530
18531
18534
18537
18538
18539
18541
18544
18547
18548
18552
18553
18555
18556
18559
18560
18561
18562
18563
18564
18566
18567
18568
18569
18570
18571
18572
18573
18574
18575
18576
18577
18578
18580
18583
18584
18585
18586
18587
18588
18589
18590
18592
18593
18596
18597
18598
18599
18600
18602
18604
18605
18606
18607
18608
18609
18610
18611
18612
18613
18614
18615
18616
18617
18618
18622
18623
18624
18625
18627
18628
18629
18630
18631
18633
18634
18636
18637
18641
18644
18645
18648
18649
18650
18651
18652
18654
18655
18656
18658
18660
18661
18664
18666
18667
18668
18670
18671
18673
18676
18678
18679
18681
18682
18683
18684
18685
18686
18687
18688
18689
18691
18692
18693
18694
18695
18696
18701
18703
18704
18705
18707
18708
18709
18710
18713
18715
18717
18719
18720
18722
18724
18725
18729
18731
18732
18733
18734
18736
18737
18738
18739
18740
18741
18743
18744
18745
18746
18747
18749
18750
18751
18752
18753
18754
18756
18757
18759
18760
18762
18763
18764
18765
18766
18767
18769
18770
18771
18772
18774
18775
18778
18779
18780
18781
18782
18783
18786
18787
18788
18790
18792
18795
18796
18798
18801
18802
18805
18806
18808
18809
18810
18812
18813
18814
18815
18821
18823
18825
18829
18830
18832
18834
18836
18838
18839
18840
18842
18844
18845
18847
18848
18849
18853
18854
18855
18857
18858
18863
18864
18865
18866
18867
18868
18869
18870
18871
18872
18873
18874
18875
18877
18878
18879
18880
18883
18884
18893
18894
18895
18896
18898
18899
18900
18902
18905
18906
18908
18909
18910
18912
18913
18915
18916
18917
18919
18920
18922
18923
18924
18926
18927
18930
18931
18932
18934
18935
18936
18937
18938
18939
18940
18941
18942
18943
18944
18946
18949
18950
18951
18952
18953
18955
18956
18958
18961
18963
18965
18966
18967
18969
18970
18972
18973
18974
18975
18977
18978
18981
18982
18984
18985
18987
18988
18989
18990
18992
18995
18996
18998
19003
19004
19005
19006
19007
19008
19009
19010
19011
19014
19015
19018
19019
19022
19024
19025
19026
19029
19030
19031
19032
19033
19034
19037
19038
19040
19041
19042
19044
19046
19048
19049
19051
19052
19053
19055
19056
19057
19059
19060
19061
19063
19065
19066
19068
19070
19072
19073
19075
19076
19078
19079
19080
19081
19083
19084
19085
19086
19087
19089
19090
19092
19094
19096
19098
19099
19100
19101
19102
19103
19104
19106
19107
19109
19111
19115
19116
19117
19118
19119
19120
19123
19127
19128
19129
19131
19132
19135
19137
19140
19141
19143
19144
19145
19146
19147
19148
19150
19151
19152
19154
19155
19156
19157
19159
19160
19162
19163
19164
19166
19167
19169
19170
19171
19172
19175
19176
19177
19183
19185
19186
19188
19191
19192
19193
19194
19195
19197
19198
19199
19200
19201
19203
19204
19206
19210
19211
19212
19213
19214
19215
19216
19217
19219
19220
19222
19227
19228
19229
19234
19235
19236
19237
19239
19240
19241
19243
19244
19245
19249
19252
19253
19254
19255
19256
19257
19258
19259
19260
19263
19264
19265
19267
19268
19269
19270
19271
19272
19273
19274
19275
19277
19278
19281
19282
19283
19284
19285
19286
19287
19288
19289
19290
19291
19293
19294
19297
19298
19300
19301
19302
19304
19306
19307
19308
19311
19312
19313
19316
19317
19318
19319
19321
19323
19324
19325
19326
19327
19328
19330
19331
19332
19333
19334
19335
19336
19337
19339
19340
19341
19342
19343
19344
19345
19346
19349
19351
19352
19353
19354
19355
19357
19358
19359
19360
19363
19364
19365
19366
19368
19369
19370
19371
19372
19374
19375
19377
19378
19379
19380
19381
19383
19384
19385
19387
19389
19390
19391
19392
19395
19396
19399
19401
19402
19403
19404
19405
19406
19409
19410
19411
19413
19414
19415
19416
19418
19422
19423
19424
19425
19426
19427
19431
19432
19433
19434
19435
19436
19438
19439
19440
19441
19442
19444
19445
19446
19447
19449
19450
19452
19453
19455
19456
19457
19459
19460
19462
19463
19464
19465
19466
19471
19472
19473
19474
19476
19477
19482
19483
19484
19488
19489
19490
19491
19492
19493
19494
19495
19496
19498
19507
19508
19510
19514
19515
19516
19517
19519
19521
19522
19524
19526
19527
19528
19530
19534
19536
19537
19538
19541
19542
19543
19544
19547
19548
19549
19550
19552
19553
19555
19558
19560
19561
19562
19564
19565
19566
19570
19571
19572
19574
19575
19577
19578
19579
19580
19582
19583
19586
19589
19590
19591
19592
19593
19594
19595
19596
19597
19598
19599
19602
19604
19606
19610
19611
19613
19614
19615
19616
19617
19620
19626
19627
19629
19630
19635
19636
19639
19640
19641
19642
19643
19644
19647
19649
19650
19652
19654
19656
19657
19658
19659
19660
19661
19662
19664
19665
19666
19667
19668
19670
19671
19675
19676
19677
19678
19679
19680
19685
19687
19692
19695
19697
19699
19701
19704
19705
19707
19708
19711
19713
19714
19716
19718
19719
19720
19721
19722
19724
19725
19726
19727
19728
19730
19731
19734
19735
19736
19738
19741
19743
19745
19747
19748
19749
19750
19751
19753
19754
19755
19757
19758
19761
19764
19769
19770
19771
19772
19773
19775
19776
19777
19778
19780
19781
19782
19784
19786
19788
19791
19792
19793
19795
19796
19797
19798
19799
19800
19803
19804
19807
19809
19810
19811
19813
19814
19815
19816
19817
19818
19819
19821
19822
19823
19824
19825
19826
19827
19828
19829
19830
19831
19832
19833
19835
19840
19842
19843
19844
19845
19846
19848
19849
19851
19852
19855
19856
19857
19859
19861
19862
19863
19866
19868
19869
19871
19872
19873
19874
19876
19877
19879
19880
19881
19882
19883
19885
19887
19890
19892
19893
19894
19896
19898
19901
19903
19904
19905
19906
19907
19908
19910
19911
19912
19913
19914
19915
19916
19917
19919
19922
19923
19924
19926
19927
19928
19929
19930
19931
19932
19933
19934
19935
19937
19938
19940
19943
19944
19945
19946
19947
19949
19951
19952
19953
19954
19955
19956
19957
19962
19963
19964
19966
19967
19968
19969
19970
19975
19976
19977
19978
19979
19983
19984
19985
19986
19987
19988
19989
19993
19994
19995
20000
20002
20004
20005
20007
20008
20009
20010
20011
20012
20013
20016
20020
20021
20023
20024
20026
20027
20028
20029
20030
20033
20034
20035
20038
20039
20040
20041
20042
20043
20044
20047
20048
20050
20051
20052
20053
20056
20057
20058
20059
20061
20062
20065
20066
20067
20069
20071
20072
20073
20074
20075
20076
20077
20078
20080
20084
20086
20088
20089
20090
20091
20092
20094
20096
20097
20098
20100
20101
20102
20103
20104
20106
20112
20116
20117
20121
20123
20124
20126
20129
20130
20131
20135
20137
20138
20141
20142
20143
20146
20147
20148
20150
20151
20156
20157
20159
20160
20163
20164
20165
20166
20167
20169
20170
20171
20172
20173
20175
20176
20177
20178
20179
20180
20181
20182
20184
20186
20187
20188
20192
20193
20194
20197
20199
20200
20201
20203
20204
20205
20208
20209
20210
20211
20212
20215
20217
20219
20220
20221
20222
20223
20224
20225
20227
20229
20230
20231
20232
20235
20236
20237
20238
20239
20241
20243
20244
20245
20247
20251
20255
20256
20257
20258
20260
20262
20263
20266
20267
20271
20273
20275
20277
20278
20279
20280
20281
20282
20283
20284
20287
20288
20289
20291
20295
20298
20299
20300
20301
20302
20303
20305
20306
20307
20308
20311
20312
20313
20314
20315
20317
20318
20321
20322
20325
20326
20327
20328
20330
20335
20336
20337
20338
20339
20343
20347
20349
20350
20351
20352
20354
20356
20357
20358
20359
20363
20364
20365
20367
20369
20370
20371
20373
20374
20375
20377
20378
20379
20380
20381
20382
20383
20384
20385
20386
20387
20388
20390
20391
20392
20393
20394
20395
20397
20398
20400
20401
20403
20404
20405
20406
20407
20408
20410
20412
20413
20414
20415
20416
20418
20419
20420
20422
20424
20425
20429
20430
20431
20432
20433
20434
20435
20436
20437
20439
20440
20441
20442
20453
20455
20456
20457
20458
20460
20462
20467
20468
20469
20471
20473
20474
20475
20477
20479
20480
20482
20483
20484
20485
20487
20488
20489
20490
20492
20493
20494
20495
20497
20498
20500
20501
20502
20503
20504
20505
20506
20507
20508
20511
20512
20513
20515
20517
20521
20525
20526
20527
20529
20530
20532
20534
20535
20536
20537
20538
20539
20540
20541
20542
20543
20544
20546
20547
20549
20552
20553
20555
20557
20558
20559
20560
20562
20563
20564
20565
20566
20568
20569
20571
20572
20573
20574
20576
20578
20580
20581
20582
20583
20584
20586
20588
20591
20592
20593
20597
20598
20599
20600
20604
20605
20607
20610
20611
20612
20613
20619
20622
20625
20626
20631
20632
20635
20636
20638
20639
20642
20644
20647
20648
20649
20650
20651
20652
20658
20659
20660
20661
20663
20664
20666
20668
20671
20674
20675
20676
20677
20679
20680
20681
20682
20683
20684
20685
20686
20689
20690
20692
20694
20695
20696
20697
20698
20700
20702
20703
20704
20710
20712
20713
20716
20717
20718
20719
20721
20724
20726
20727
20728
20729
20730
20732
20733
20734
20735
20736
20737
20738
20740
20743
20744
20745
20746
20747
20748
20749
20750
20752
20753
20754
20755
20756
20757
20758
20759
20760
20761
20764
20766
20768
20769
20770
20772
20773
20774
20775
20776
20777
20779
20780
20781
20782
20785
20786
20788
20790
20791
20793
20794
20795
20796
20798
20799
20800
20804
20805
20806
20807
20808
20809
20811
20813
20814
20815
20817
20818
20819
20820
20821
20823
20824
20825
20828
20830
20832
20833
20834
20835
20836
20837
20838
20839
20840
20842
20843
20844
20846
20847
20849
20850
20851
20852
20854
20856
20858
20859
20860
20863
20867
20869
20871
20874
20875
20876
20877
20879
20881
20882
20883
20884
20885
20890
20892
20894
20895
20896
20897
20900
20902
20903
20904
20905
20909
20910
20912
20913
20917
20918
20920
20921
20923
20925
20926
20927
20929
20930
20931
20932
20933
20935
20936
20937
20938
20939
20940
20941
20942
20944
20945
20947
20948
20949
20955
20956
20957
20958
20959
20960
20961
20962
20963
20964
20965
20967
20969
20970
20971
20974
20976
20977
20978
20979
20980
20982
20984
20986
20987
20994
20995
21001
21003
21004
21005
21006
21007
21008
21009
21011
21012
21014
21015
21016
21020
21021
21022
21024
21025
21026
21027
21028
21029
21030
21031
21032
21033
21034
21036
21037
21039
21040
21041
21042
21043
21044
21045
21046
21048
21049
21050
21051
21052
21053
21054
21056
21057
21058
21059
21060
21062
21064
21065
21066
21067
21069
21070
21071
21072
21074
21075
21076
21077
21082
21083
21084
21085
21086
21087
21088
21089
21090
21091
21092
21093
21094
21095
21099
21100
21101
21102
21105
21107
21108
21110
21112
21113
21115
21116
21117
21118
21119
21121
21124
21129
21131
21135
21136
21141
21142
21143
21144
21146
21149
21150
21152
21155
21157
21158
21159
21160
21161
21162
21164
21167
21169
21170
21171
21172
21173
21174
21175
21176
21177
21179
21181
21182
21183
21184
21185
21186
21187
21194
21195
21197
21198
21199
21200
21201
21205
21206
21207
21208
21216
21217
21218
21219
21220
21225
21227
21228
21229
21230
21231
21233
21235
21237
21239
21240
21242
21243
21244
21245
21246
21247
21248
21249
21250
21251
21253
21254
21256
21258
21260
21261
21262
21266
21270
21271
21272
21274
21275
21276
21277
21278
21280
21281
21282
21283
21284
21285
21286
21287
21289
21290
21291
21292
21293
21294
21295
21296
21298
21299
21301
21303
21305
21306
21307
21309
21310
21311
21313
21316
21318
21320
21322
21324
21325
21326
21327
21328
21330
21332
21334
21335
21337
21339
21341
21343
21344
21348
21349
21350
21351
21352
21353
21355
21356
21357
21358
21359
21360
21363
21364
21367
21370
21372
21373
21374
21375
21376
21378
21380
21381
21382
21383
21387
21388
21389
21390
21391
21392
21394
21395
21396
21399
21400
21401
21402
21403
21406
21407
21408
21411
21412
21414
21415
21416
21417
21418
21419
21420
21421
21423
21425
21431
21433
21434
21435
21436
21437
21438
21440
21442
21443
21444
21445
21446
21448
21450
21452
21455
21456
21458
21460
21461
21462
21463
21464
21466
21467
21468
21469
21471
21473
21475
21476
21478
21479
21480
21481
21482
21483
21485
21486
21488
21490
21492
21493
21494
21495
21497
21498
21499
21500
21501
21503
21504
21506
21507
21508
21510
21511
21512
21513
21516
21517
21518
21519
21520
21523
21526
21527
21528
21529
21531
21532
21534
21535
21536
21537
21539
21540
21541
21543
21544
21545
21549
21550
21551
21553
21555
21556
21557
21558
21559
21560
21561
21562
21563
21566
21567
21568
21570
21572
21573
21574
21575
21576
21578
21579
21580
21581
21582
21584
21586
21587
21588
21589
21590
21596
21597
21598
21599
21600
21601
21604
21608
21609
21611
21612
21613
21615
21616
21617
21618
21619
21622
21624
21628
21629
21631
21632
21633
21635
21638
21640
21643
21645
21647
21648
21649
21650
21651
21652
21653
21654
21655
21656
21657
21658
21659
21660
21662
21663
21664
21667
21669
21670
21671
21672
21673
21674
21676
21677
21680
21681
21683
21684
21685
21686
21689
21690
21692
21693
21694
21699
21701
21702
21703
21704
21705
21706
21708
21709
21710
21711
21712
21713
21714
21715
21716
21719
21725
21726
21728
21729
21731
21732
21733
21734
21739
21740
21741
21743
21745
21746
21748
21750
21751
21752
21758
21761
21762
21763
21768
21770
21772
21773
21776
21779
21782
21783
21785
21786
21787
21788
21789
21790
21792
21794
21795
21797
21798
21799
21800
21802
21804
21805
21807
21808
21810
21812
21814
21818
21820
21821
21823
21825
21828
21829
21831
21832
21837
21838
21839
21841
21842
21844
21846
21848
21849
21853
21856
21860
21861
21862
21863
21865
21866
21867
21868
21870
21871
21872
21877
21878
21879
21880
21882
21885
21886
21888
21889
21890
21892
21893
21894
21895
21896
21898
21899
21900
21902
21903
21904
21905
21907
21908
21909
21910
21914
21915
21917
21918
21919
21920
21921
21923
21924
21926
21927
21929
21930
21932
21933
21934
21935
21936
21937
21940
21943
21944
21946
21947
21949
21950
21951
21952
21953
21955
21956
21957
21958
21960
21962
21963
21965
21966
21967
21968
21970
21971
21972
21973
21974
21975
21976
21977
21978
21980
21982
21987
21988
21991
21992
21995
21996
21997
22001
22003
22004
22007
22008
22009
22013
22014
22016
22017
22019
22020
22021
22022
22023
22024
22025
22027
22028
22029
22030
22031
22032
22034
22035
22038
22039
22042
22044
22046
22052
22053
22054
22056
22058
22059
22060
22063
22064
22065
22066
22070
22071
22073
22074
22075
22078
22081
22084
22085
22087
22088
22091
22092
22093
22094
22095
22096
22097
22099
22101
22104
22105
22106
22109
22110
22112
22113
22115
22116
22121
22123
22124
22126
22127
22129
22130
22133
22134
22136
22137
22140
22141
22143
22145
22146
22148
22150
22152
22154
22155
22156
22157
22158
22159
22162
22163
22164
22165
22168
22170
22171
22172
22173
22174
22176
22177
22179
22183
22184
22185
22187
22191
22192
22193
22194
22197
22198
22199
22200
22202
22203
22204
22206
22208
22210
22211
22212
22214
22216
22219
22220
22221
22222
22226
22227
22230
22231
22232
22236
22237
22238
22240
22241
22242
22243
22244
22245
22248
22249
22250
22251
22252
22253
22254
22257
22258
22259
22263
22264
22265
22266
22267
22268
22269
22272
22273
22274
22275
22279
22281
22283
22284
22286
22288
22290
22291
22292
22293
22294
22295
22296
22297
22298
22300
22301
22302
22303
22304
22305
22306
22307
22308
22309
22312
22313
22314
22316
22319
22320
22321
22322
22324
22325
22326
22329
22331
22332
22333
22334
22335
22336
22338
22339
22340
22342
22343
22344
22345
22346
22347
22349
22352
22360
22361
22362
22363
22364
22365
22366
22368
22369
22370
22371
22373
22375
22376
22378
22379
22381
22383
22386
22389
22390
22391
22392
22393
22394
22396
22397
22399
22402
22404
22406
22407
22409
22410
22411
22412
22413
22414
22415
22416
22417
22419
22420
22421
22423
22425
22426
22428
22429
22432
22436
22437
22438
22439
22440
22441
22442
22443
22444
22445
22447
22448
22449
22454
22455
22456
22457
22459
22460
22462
22464
22466
22471
22472
22473
22474
22475
22476
22477
22480
22482
22483
22484
22485
22487
22488
22489
22490
22491
22493
22494
22497
22498
22503
22504
22506
22507
22508
22511
22512
22513
22514
22515
22516
22517
22518
22519
22520
22521
22523
22525
22526
22527
22529
22531
22532
22533
22535
22539
22540
22541
22542
22543
22544
22545
22549
22550
22551
22553
22555
22558
22561
22563
22564
22565
22571
22572
22573
22574
22575
22576
22577
22580
22582
22583
22586
22587
22589
22590
22593
22595
22596
22599
22600
22601
22602
22604
22606
22609
22610
22611
22612
22614
22615
22616
22617
22620
22621
22622
22623
22626
22627
22628
22630
22632
22634
22636
22637
22639
22644
22645
22646
22647
22649
22650
22651
22653
22654
22655
22656
22657
22658
22661
22663
22664
22668
22670
22671
22674
22676
22677
22678
22679
22680
22682
22683
22684
22686
22687
22689
22691
22692
22694
22695
22697
22699
22700
22702
22703
22704
22705
22706
22708
22710
22711
22712
22714
22715
22716
22718
22720
22722
22724
22725
22726
22727
22730
22731
22733
22735
22736
22737
22738
22739
22740
22743
22745
22747
22748
22749
22753
22755
22756
22757
22758
22759
22762
22763
22770
22771
22772
22773
22774
22776
22778
22781
22783
22784
22787
22789
22791
22792
22794
22796
22797
22798
22799
22801
22802
22804
22806
22807
22808
22809
22811
22813
22814
22817
22819
22820
22823
22825
22827
22828
22829
22831
22832
22834
22835
22836
22838
22843
22844
22845
22846
22849
22850
22851
22852
22854
22855
22856
22857
22859
22860
22861
22862
22865
22866
22867
22869
22870
22875
22876
22877
22878
22879
22880
22881
22884
22885
22886
22887
22888
22891
22892
22893
22895
22896
22897
22899
22900
22901
22904
22905
22906
22907
22909
22910
22911
22913
22915
22917
22920
22924
22927
22928
22929
22932
22934
22935
22936
22937
22938
22940
22944
22946
22947
22949
22951
22952
22953
22954
22955
22956
22957
22960
22961
22963
22964
22967
22968
22970
22973
22974
22978
22980
22984
22989
22990
22991
22994
22996
22998
22999
23001
23002
23003
23004
23005
23006
23007
23009
23010
23011
23013
23014
23016
23017
23018
23019
23020
23021
23022
23023
23024
23027
23028
23029
23030
23033
23035
23039
23040
23041
23042
23043
23044
23046
23047
23048
23050
23051
23052
23054
23055
23056
23057
23058
23061
23064
23067
23069
23071
23073
23078
23079
23080
23081
23082
23083
23084
23085
23089
23093
23094
23097
23099
23100
23103
23104
23105
23107
23108
23109
23110
23113
23115
23116
23117
23118
23119
23120
23121
23122
23123
23125
23128
23129
23130
23132
23137
23140
23141
23144
23145
23146
23147
23148
23149
23150
23151
23154
23155
23157
23160
23161
23162
23164
23165
23166
23170
23172
23173
23176
23179
23180
23181
23182
23183
23184
23185
23186
23188
23190
23191
23192
23193
23197
23200
23201
23202
23203
23205
23206
23207
23208
23210
23212
23213
23214
23215
23221
23223
23224
23226
23227
23229
23230
23232
23233
23236
23237
23238
23240
23241
23242
23243
23245
23248
23249
23250
23251
23252
23253
23254
23257
23258
23259
23260
23262
23263
23264
23267
23268
23269
23270
23271
23272
23273
23274
23275
23277
23278
23280
23281
23283
23284
23287
23288
23289
23290
23291
23293
23295
23296
23298
23299
23301
23303
23305
23308
23309
23310
23311
23313
23314
23316
23318
23320
23321
23324
23325
23326
23327
23328
23330
23332
23334
23335
23338
23340
23341
23343
23345
23346
23348
23351
23352
23353
23355
23356
23357
23358
23359
23360
23361
23365
23366
23368
23369
23370
23371
23373
23374
23376
23377
23378
23379
23380
23381
23383
23384
23385
23386
23387
23388
23390
23391
23392
23394
23395
23397
23398
23400
23402
23404
23405
23407
23408
23410
23411
23412
23413
23417
23419
23420
23421
23423
23425
23427
23428
23430
23431
23432
23433
23434
23435
23438
23439
23440
23441
23445
23447
23449
23450
23452
23453
23454
23455
23457
23458
23459
23460
23461
23463
23464
23466
23467
23469
23471
23472
23473
23474
23475
23478
23479
23480
23482
23483
23485
23486
23487
23488
23489
23490
23491
23493
23494
23495
23496
23498
23499
23500
23501
23502
23503
23504
23505
23506
23507
23509
23510
23511
23513
23517
23518
23519
23520
23521
23522
23523
23525
23527
23529
23531
23532
23534
23536
23537
23538
23539
23540
23541
23542
23543
23544
23547
23548
23549
23550
23551
23552
23556
23557
23558
23559
23561
23562
23564
23566
23567
23568
23571
23573
23574
23575
23576
23577
23578
23579
23580
23581
23582
23583
23586
23587
23589
23590
23592
23593
23595
23596
23597
23598
23599
23601
23602
23603
23604
23605
23606
23608
23609
23610
23611
23612
23614
23615
23616
23618
23619
23620
23624
23625
23632
23633
23634
23635
23638
23639
23641
23643
23644
23645
23647
23651
23654
23656
23658
23659
23660
23661
23662
23664
23666
23667
23668
23670
23671
23672
23675
23676
23677
23681
23682
23683
23684
23686
23688
23689
23690
23691
23692
23693
23694
23695
23698
23701
23705
23712
23714
23715
23716
23719
23720
23722
23723
23724
23725
23727
23728
23729
23730
23732
23733
23734
23735
23736
23737
23738
23740
23741
23742
23743
23747
23749
23751
23754
23755
23756
23757
23758
23760
23761
23763
23764
23766
23768
23769
23770
23772
23775
23777
23778
23780
23781
23784
23785
23786
23787
23788
23790
23791
23793
23794
23795
23796
23798
23799
23800
23801
23802
23803
23804
23805
23806
23807
23808
23811
23812
23814
23815
23816
23817
23818
23819
23820
23821
23822
23824
23827
23828
23832
23833
23835
23836
23838
23842
23845
23850
23852
23853
23854
23855
23856
23857
23861
23862
23863
23866
23867
23868
23869
23872
23873
23874
23877
23878
23879
23880
23881
23882
23883
23884
23885
23886
23887
23889
23894
23896
23897
23900
23902
23904
23905
23910
23912
23914
23918
23919
23921
23925
23926
23927
23928
23929
23930
23931
23932
23933
23936
23942
23943
23945
23947
23948
23950
23951
23953
23958
23959
23963
23965
23967
23968
23970
23972
23974
23975
23977
23978
23980
23981
23982
23985
23987
23988
23989
23990
23993
23994
23995
23996
23997
23999
